Series
50
1
0.9837109906618
0.9552444053212
0.9154059818405
0.8652541558705
0.8060694941695
0.7393192992506
0.6666183469137
0.5896867938457
0.5103063412053
0.4302757613054
0.3513668881767
0.2752821396547
0.2036145800083
0.1378114499733
0.07914198783209
0.02867024385213
-0.01276654573324
-0.04457360629771
-0.06640802967052
-0.07818183001025
-0.08005870195437
-0.07244468542249
-0.05597308654312
-0.03148413783927
-4.32321280481e-17
0.03730419034575
0.07913243961241
0.1241023338419
0.1707809038286
0.2177210123731
0.2634973624311
0.3067412520585
0.3461732500491
0.3806330334234
0.4091057124367
0.4307440681104
0.4448862387402
0.4510685124194
0.4490330092085
0.4387301659654
0.4203160658007
0.394144779489
0.3607560049616
0.3208584004382
0.2753091043404
0.225090018715
0.1712815007022
0.1150341572763
0.0575394711582
